"Geo","Year","SFDU","MFDU","GQDU"
1,2019,325,73,0
2,2019,544,16,0
3,2019,241,23,0
4,2019,388,54,0
5,2019,169,0,0
6,2019,154,0,0
7,2019,283,0,0
8,2019,448,0,0
9,2019,480,0,0
10,2019,216,185,0
11,2019,145,23,0
12,2019,35,964,0
13,2019,850,0,0
14,2019,409,122,0
15,2019,606,327,0
16,2019,40,703,0
17,2019,548,0,0
18,2019,515,0,0
19,2019,300,92,62
20,2019,191,41,0
21,2019,495,0,0
22,2019,536,0,0
23,2019,21,92,0
24,2019,170,16,0
25,2019,812,83,0
26,2019,372,43,0
27,2019,352,14,0
28,2019,373,0,0
29,2019,503,0,0
30,2019,722,0,0
31,2019,568,242,0
32,2019,37,117,0
33,2019,762,0,0
34,2019,997,0,0
35,2019,440,118,0
36,2019,222,289,0
37,2019,404,66,0
38,2019,670,0,0
39,2019,727,497,0
40,2019,141,0,0
41,2019,410,14,0
42,2019,51,127,0
43,2019,21,345,0
44,2019,706,48,0
45,2019,29,236,0
46,2019,296,0,0
47,2019,710,0,0
48,2019,824,0,0
49,2019,1266,493,0
50,2019,189,73,0
51,2019,994,220,0
52,2019,987,84,0
53,2019,458,0,0
54,2019,629,0,0
55,2019,575,686,0
56,2019,60,0,0
57,2019,744,0,0
58,2019,793,46,0
59,2019,833,112,0
60,2019,722,31,0
61,2019,870,0,0
62,2019,556,19,0
63,2019,243,71,0
64,2019,382,41,0
65,2019,328,0,0
66,2019,195,79,4
67,2019,310,82,0
68,2019,166,0,0
69,2019,556,0,0
70,2019,492,192,0
71,2019,374,19,0
72,2019,757,259,0
73,2019,121,286,0
74,2019,875,16,0
75,2019,436,0,0
76,2019,500,155,0
77,2019,210,78,0
78,2019,182,48,0
79,2019,296,0,0
80,2019,607,0,0
81,2019,445,115,0
82,2019,157,147,0
83,2019,833,109,0
84,2019,520,0,0
85,2019,364,0,0
86,2019,258,0,0
87,2019,488,0,56
88,2019,743,0,0
89,2019,615,0,0
90,2019,520,0,0
91,2019,465,13,0
92,2019,372,1,0
93,2019,1046,33,0
94,2019,530,0,0
95,2019,1638,0,0
96,2019,265,0,0
97,2019,361,45,0
98,2019,105,24,0
99,2019,174,47,0
100,2019,205,416,0
101,2019,81,0,0
102,2019,167,27,0
103,2019,691,18,0
104,2019,732,128,0
105,2019,492,27,0
106,2019,836,0,0
107,2019,829,0,0
108,2019,171,2,0
109,2019,464,0,0
110,2019,630,0,0
111,2019,615,76,0
112,2019,290,299,0
113,2019,759,0,0
114,2019,465,506,0
115,2019,220,202,0
116,2019,532,36,0
117,2019,3,133,0
118,2019,525,0,0
119,2019,188,383,0
120,2019,240,0,0
121,2019,146,318,0
122,2019,331,175,0
123,2019,138,34,0
124,2019,180,127,0
125,2019,233,18,0
126,2019,293,0,0
127,2019,653,0,0
128,2019,535,0,0
129,2019,621,0,0
130,2019,266,0,0
131,2019,141,470,0
132,2019,435,0,0
133,2019,218,96,715
134,2019,1141,0,0
135,2019,544,0,0
136,2019,407,31,0
137,2019,667,0,0
138,2019,794,25,0
139,2019,409,0,0
140,2019,303,0,0
141,2019,837,0,0
142,2019,359,0,0
143,2019,919,58,0
144,2019,304,0,0
145,2019,698,9,0
146,2019,325,5,0
147,2019,605,6,0
148,2019,682,4,0
149,2019,129,0,0
150,2019,1028,33,0
151,2019,605,0,0
152,2019,964,0,0
153,2019,623,190,0
154,2019,215,140,0
155,2019,168,0,0
156,2019,488,30,0
157,2019,76,34,0
158,2019,83,28,0
159,2019,382,45,0
160,2019,689,0,0
161,2019,197,3,0
162,2019,433,157,0
163,2019,562,0,0
164,2019,552,0,0
165,2019,136,163,0
166,2019,210,338,0
167,2019,173,0,0
168,2019,651,0,0
169,2019,476,0,0
170,2019,200,0,0
171,2019,467,0,0
172,2019,374,52,0
173,2019,247,0,0
174,2019,31,265,0
175,2019,696,592,0
176,2019,685,0,0
177,2019,46,569,0
178,2019,76,229,0
179,2019,359,0,0
180,2019,135,267,0
181,2019,408,22,0
182,2019,125,445,0
183,2019,367,1412,0
184,2019,82,1036,0
185,2019,361,47,0
186,2019,634,296,0
187,2019,272,0,0
188,2019,915,216,0
189,2019,0,1,0
190,2019,271,66,0
191,2019,316,416,0
192,2019,766,0,0
193,2019,198,15,0
194,2019,648,0,0
195,2019,26,484,0
196,2019,33,177,0
197,2019,0,375,0
198,2019,211,171,0
199,2019,152,0,0
200,2019,652,66,0
201,2019,449,47,25
202,2019,118,50,0
203,2019,526,0,9
204,2019,332,0,0
205,2019,96,578,0
206,2019,1215,0,19
207,2019,500,49,39
208,2019,394,5,0
209,2019,546,0,0
210,2019,568,26,89
211,2019,0,1,3180
212,2019,659,46,0
213,2019,327,63,0
214,2019,178,12,0
215,2019,0,242,0
216,2019,201,907,0
217,2019,1178,148,0
218,2019,345,66,0
219,2019,114,93,0
220,2019,404,0,0
221,2019,572,0,0
222,2019,243,167,0
223,2019,155,277,0
224,2019,777,0,0
225,2019,581,0,0
226,2019,135,0,0
227,2019,28,79,0
228,2019,38,220,0
229,2019,333,260,0
230,2019,383,335,0
231,2019,163,0,0
232,2019,356,137,228
233,2019,363,0,0
234,2019,313,0,0
235,2019,241,0,0
236,2019,134,237,0
237,2019,133,269,0
238,2019,211,0,0
239,2019,533,61,0
240,2019,422,67,0
241,2019,352,0,0
242,2019,306,45,0
243,2019,19,407,0
244,2019,16,207,0
245,2019,0,401,0
246,2019,176,27,0
247,2019,407,18,0
248,2019,4,833,0
249,2019,0,1355,0
250,2019,338,428,0
251,2019,553,296,0
252,2019,153,94,0
253,2019,19,513,0
254,2019,26,370,0
255,2019,0,1,0
256,2019,0,1,0
257,2019,389,146,0
258,2019,272,319,0
259,2019,87,614,0
260,2019,235,7,0
261,2019,579,429,0
262,2019,52,116,0
263,2019,1667,185,0
264,2019,690,0,0
265,2019,422,796,0
266,2019,144,652,0
267,2019,779,58,0
268,2019,179,261,0
269,2019,0,211,0
270,2019,666,0,0
271,2019,861,0,0
272,2019,652,188,0
273,2019,0,384,0
274,2019,338,368,0
275,2019,940,0,0
276,2019,648,0,0
277,2019,299,58,0
278,2019,218,39,0
279,2019,1204,88,0
280,2019,854,0,0
281,2019,588,65,0
282,2019,173,294,0
283,2019,170,0,0
284,2019,89,364,0
285,2019,387,0,0
286,2019,1189,23,0
287,2019,197,0,0
288,2019,242,67,0
289,2019,1232,180,0
290,2019,638,0,0
291,2019,578,48,0
292,2019,141,35,0
293,2019,721,0,0
294,2019,48,36,0
295,2019,218,75,0
296,2019,201,26,0
297,2019,348,8,0
298,2019,431,18,0
299,2019,319,22,0
300,2019,224,143,0
301,2019,837,146,0
302,2019,312,190,0
303,2019,325,78,0
304,2019,449,0,0
305,2019,252,0,0
306,2019,212,173,0
307,2019,312,218,0
308,2019,263,47,0
309,2019,331,0,0
310,2019,429,0,0
311,2019,231,0,0
312,2019,320,109,0
313,2019,274,52,0
314,2019,654,0,0
315,2019,362,53,0
316,2019,476,24,0
317,2019,419,8,0
318,2019,240,31,0
319,2019,352,0,0
320,2019,260,0,0
321,2019,665,41,0
322,2019,256,59,0
323,2019,420,123,0
324,2019,390,39,0
325,2019,661,12,0
326,2019,439,60,0
327,2019,9,581,0
328,2019,785,0,0
329,2019,201,160,0
330,2019,454,0,0
331,2019,657,36,0
332,2019,792,497,0
333,2019,397,21,0
334,2019,449,45,41
335,2019,281,0,0
336,2019,1002,20,0
337,2019,295,0,0
338,2019,1092,299,0
339,2019,619,313,0
340,2019,691,0,0
341,2019,573,66,0
342,2019,606,75,0
343,2019,459,0,0
344,2019,712,68,562
345,2019,755,99,0
346,2019,186,0,0
347,2019,491,36,216
348,2019,348,0,0
349,2019,324,0,0
350,2019,166,425,0
351,2019,428,0,0
352,2019,925,0,0
353,2019,511,54,0
354,2019,278,0,0
355,2019,177,113,0
356,2019,278,192,0
357,2019,273,43,0
358,2019,918,116,0
359,2019,260,251,0
360,2019,147,17,0
361,2019,213,4,0
362,2019,205,19,0
363,2019,252,148,0
364,2019,579,73,0
365,2019,36,236,0
366,2019,286,11,697
367,2019,616,385,0
368,2019,405,0,0
369,2019,144,306,0
370,2019,452,141,0
371,2019,239,99,0
372,2019,435,144,0
373,2019,643,510,0
374,2019,111,0,0
375,2019,427,15,0
376,2019,315,0,0
377,2019,280,0,0
378,2019,524,8,0
379,2019,1316,22,0
380,2019,107,0,0
381,2019,258,0,0
382,2019,546,0,0
383,2019,307,106,0
384,2019,908,51,0
385,2019,797,0,0
386,2019,1285,0,0
387,2019,219,706,0
388,2019,688,0,0
389,2019,366,89,0
390,2019,246,0,0
391,2019,379,29,0
392,2019,150,79,0
393,2019,1058,0,0
394,2019,627,16,0
395,2019,293,0,0
396,2019,2208,0,0
397,2019,479,75,0
398,2019,549,88,0
399,2019,263,41,0
400,2019,692,21,0
401,2019,334,0,0
402,2019,397,126,0
403,2019,240,33,0
404,2019,569,30,0
405,2019,397,67,0
406,2019,165,106,0
407,2019,263,33,0
408,2019,58,138,0
409,2019,590,407,0
410,2019,452,0,0
411,2019,556,93,0
412,2019,363,6,0
413,2019,385,0,0
414,2019,241,224,0
415,2019,304,62,0
416,2019,179,19,0
417,2019,209,0,0
418,2019,503,43,0
419,2019,1084,0,0
420,2019,453,9,0
421,2019,470,33,0
422,2019,238,294,0
423,2019,632,41,0
424,2019,674,318,0
425,2019,441,308,0
426,2019,591,0,0
427,2019,612,8,0
428,2019,407,7,0
429,2019,488,26,0
430,2019,99,55,0
431,2019,827,582,85
432,2019,251,28,0
433,2019,774,9,0
434,2019,328,0,0
435,2019,389,34,0
436,2019,157,126,0
437,2019,376,18,0
438,2019,0,1,0
439,2019,103,0,0
440,2019,323,75,0
441,2019,729,0,0
442,2019,465,59,0
443,2019,1421,0,0
444,2019,667,87,0
445,2019,512,19,0
446,2019,240,0,0
447,2019,332,13,0
448,2019,537,0,0
449,2019,173,109,0
450,2019,250,72,0
451,2019,427,157,0
452,2019,825,0,0
453,2019,591,0,0
454,2019,365,0,0
455,2019,662,0,0
456,2019,309,180,0
457,2019,121,347,0
458,2019,336,655,0
459,2019,51,393,0
460,2019,25,390,0
461,2019,818,244,0
462,2019,1226,83,0
463,2019,170,116,0
464,2019,420,18,0
465,2019,374,0,0
466,2019,382,0,0
467,2019,608,0,0
468,2019,73,335,0
469,2019,526,53,0
470,2019,104,194,0
471,2019,1056,39,0
472,2019,538,266,0
473,2019,366,179,0
474,2019,16,272,0
475,2019,152,266,0
476,2019,226,189,0
477,2019,629,0,0
478,2019,374,84,0
479,2019,460,0,0
480,2019,5,94,0
481,2019,600,61,0
482,2019,953,0,0
483,2019,108,55,0
484,2019,767,0,0
485,2019,792,0,0
486,2019,336,0,0
487,2019,451,0,0
488,2019,184,25,0
489,2019,338,142,0
490,2019,602,16,0
491,2019,215,33,0
492,2019,187,25,0
493,2019,186,10,0
494,2019,267,39,0
495,2019,334,27,0
496,2019,313,21,0
497,2019,378,84,0
498,2019,246,62,0
499,2019,270,30,0
500,2019,164,50,0
501,2019,286,190,0
502,2019,277,4,0
503,2019,172,34,0
504,2019,145,55,0
505,2019,656,21,0
506,2019,271,153,0
507,2019,441,546,0
508,2019,351,166,0
509,2019,182,0,0
510,2019,581,5,0
511,2019,418,139,0
512,2019,296,0,0
513,2019,430,10,0
514,2019,572,52,0
515,2019,218,660,0
516,2019,135,76,0
517,2019,668,0,0
518,2019,322,234,0
519,2019,900,86,0
520,2019,199,0,0
521,2019,502,226,0
522,2019,248,21,0
523,2019,616,0,0
524,2019,240,272,0
525,2019,85,14,0
526,2019,1049,23,0
527,2019,312,17,0
528,2019,278,93,0
529,2019,138,50,0
530,2019,267,117,0
531,2019,721,24,0
532,2019,536,84,0
533,2019,714,0,0
534,2019,289,0,0
535,2019,527,142,37
536,2019,125,0,2
537,2019,353,7,0
538,2019,151,82,529
539,2019,541,0,2974
540,2019,437,2,0
541,2019,334,7,0
542,2019,338,32,0
543,2019,145,0,0
544,2019,291,1,0
545,2019,220,52,0
546,2019,192,165,25
547,2019,265,29,0
548,2019,110,348,0
549,2019,313,109,0
550,2019,193,4,0
551,2019,295,46,0
552,2019,370,5,0
553,2019,354,0,0
554,2019,744,55,0
555,2019,446,189,0
556,2019,365,0,0
557,2019,165,7,0
558,2019,608,0,0
559,2019,899,0,0
560,2019,692,0,0
561,2019,670,6,0
562,2019,971,14,0
563,2019,662,0,0
564,2019,1288,0,0
565,2019,473,162,0
566,2019,903,19,0
567,2019,485,0,0
568,2019,795,72,0
569,2019,485,7,0
570,2019,430,433,0
571,2019,43,650,0
572,2019,168,123,0
573,2019,91,0,0
574,2019,648,12,0
575,2019,314,24,0
576,2019,496,88,0
577,2019,136,54,0
578,2019,731,98,0
579,2019,182,109,0
580,2019,575,213,0
581,2019,180,26,0
582,2019,218,52,0
583,2019,163,75,0
584,2019,294,0,0
585,2019,285,59,0
586,2019,319,11,0
587,2019,718,0,0
588,2019,588,30,0
589,2019,216,108,0
590,2019,363,0,0
591,2019,928,0,0
592,2019,837,0,0
593,2019,356,0,0
594,2019,401,121,0
595,2019,539,21,0
596,2019,424,43,0
597,2019,258,293,0
598,2019,298,17,0
599,2019,160,0,0
600,2019,1120,0,0
601,2019,304,0,0
602,2019,737,180,0
603,2019,1131,317,0
604,2019,1229,225,0
605,2019,165,338,0
606,2019,802,0,0
607,2019,173,0,0
608,2019,461,121,0
609,2019,1677,0,0
610,2019,295,0,0
611,2019,405,0,0
612,2019,1517,0,0
613,2019,654,0,0
614,2019,550,52,0
615,2019,638,158,0
616,2019,324,4,0
617,2019,408,0,0
618,2019,1040,0,0
619,2019,391,0,0
620,2019,655,0,0
621,2019,889,0,0
622,2019,290,0,0
623,2019,349,165,0
624,2019,1117,197,0
625,2019,64,283,0
626,2019,952,0,0
627,2019,263,497,0
628,2019,1396,0,0
629,2019,1348,106,0
630,2019,546,0,0
631,2019,877,279,0
632,2019,731,128,0
633,2019,1056,0,0
634,2019,1067,0,0
635,2019,982,0,0
636,2019,226,85,0
637,2019,321,0,0
638,2019,940,0,0
639,2019,166,0,0
640,2019,249,63,0
641,2019,177,221,0
642,2019,487,0,0
643,2019,262,20,0
644,2019,86,594,0
645,2019,634,0,0
646,2019,647,85,0
647,2019,156,184,0
648,2019,478,153,0
649,2019,341,0,0
650,2019,9,143,0
651,2019,414,0,0
652,2019,108,204,0
653,2019,209,68,0
654,2019,441,107,0
655,2019,300,304,0
656,2019,719,0,0
657,2019,362,0,0
658,2019,688,0,0
659,2019,932,0,0
660,2019,876,0,0
661,2019,749,54,0
662,2019,283,28,0
663,2019,310,46,0
664,2019,35,185,0
665,2019,541,312,0
666,2019,543,1279,0
667,2019,307,0,0
668,2019,403,81,0
669,2019,369,0,0
670,2019,525,42,0
671,2019,236,12,22
672,2019,435,6,14
673,2019,476,6,0
674,2019,458,11,0
675,2019,675,0,20
676,2019,264,3,0
677,2019,595,5,0
678,2019,435,208,0
679,2019,684,10,0
680,2019,615,124,0
681,2019,419,0,0
682,2019,1128,370,0
683,2019,290,463,0
684,2019,712,2,0
685,2019,911,64,0
686,2019,136,801,0
687,2019,231,27,0
688,2019,218,309,0
689,2019,342,176,0
690,2019,362,0,0
691,2019,265,0,27
692,2019,264,120,0
693,2019,335,0,0
694,2019,130,0,0
695,2019,530,41,0
696,2019,170,71,0
697,2019,474,22,0
698,2019,110,200,0
699,2019,1215,846,0
700,2019,966,0,0
701,2019,124,16,0
702,2019,158,285,0
703,2019,375,0,0
704,2019,173,12,0
705,2019,458,125,0
706,2019,311,43,0
707,2019,446,39,0
708,2019,324,60,0
709,2019,749,11,0
710,2019,133,349,52
711,2019,647,17,0
712,2019,1881,713,0
713,2019,1116,66,0
714,2019,166,0,0
715,2019,1005,0,0
716,2019,216,129,9
717,2019,364,135,0
718,2019,355,69,6
719,2019,205,407,122
720,2019,217,13,0
721,2019,109,28,217
722,2019,514,267,111
723,2019,136,154,0
724,2019,95,354,0
725,2019,65,398,0
726,2019,562,437,0
727,2019,248,97,0
728,2019,415,55,0
729,2019,733,0,0
730,2019,324,0,0
731,2019,527,75,0
732,2019,449,0,0
733,2019,244,164,0
734,2019,654,42,0
735,2019,237,55,0
736,2019,378,293,0
737,2019,115,13,0
738,2019,1559,0,0
739,2019,621,0,0
740,2019,146,226,0
741,2019,573,204,0
742,2019,505,0,0
743,2019,321,0,0
744,2019,391,140,0
745,2019,308,317,0
746,2019,734,233,0
747,2019,367,0,0
748,2019,447,0,0
749,2019,346,14,0
750,2019,776,192,78
751,2019,433,0,0
752,2019,353,10,66
753,2019,534,224,901
754,2019,474,0,0
755,2019,953,64,0
756,2019,489,0,0
757,2019,324,0,0
758,2019,1130,101,0
759,2019,323,208,0
760,2019,339,0,0
761,2019,188,0,0
762,2019,224,129,0
763,2019,402,0,0
764,2019,282,0,0
765,2019,764,200,0
766,2019,199,238,0
767,2019,197,45,0
768,2019,181,0,0
769,2019,591,0,0
770,2019,200,99,0
771,2019,328,67,0
772,2019,285,0,0
773,2019,115,33,0
774,2019,197,430,0
775,2019,173,92,0
776,2019,185,0,2952
777,2019,372,56,57
778,2019,577,266,0
779,2019,250,94,0
780,2019,259,88,0
781,2019,138,0,0
782,2019,380,13,0
783,2019,436,80,0
784,2019,206,0,0
785,2019,192,121,0
786,2019,874,0,0
787,2019,304,0,0
788,2019,539,180,0
789,2019,464,23,0
790,2019,613,16,0
791,2019,397,0,0
792,2019,621,0,0
793,2019,58,8,0
794,2019,497,0,0
795,2019,310,51,0
796,2019,586,238,0
797,2019,319,0,0
798,2019,180,0,0
799,2019,353,43,0
800,2019,258,45,290
801,2019,437,0,0
802,2019,608,0,0
803,2019,201,74,0
804,2019,623,48,30
805,2019,398,0,0
806,2019,310,8,0
807,2019,829,50,0
808,2019,573,20,0
809,2019,349,7,0
810,2019,355,0,0
811,2019,166,22,0
812,2019,354,3,0
813,2019,63,0,0
814,2019,771,1,0
815,2019,297,18,0
816,2019,145,60,0
817,2019,944,91,0
818,2019,373,146,0
819,2019,99,207,0
820,2019,413,0,0
821,2019,538,34,0
822,2019,450,108,0
823,2019,332,616,0
824,2019,244,0,0
825,2019,388,0,0
826,2019,144,6,0
827,2019,80,360,0
828,2019,919,116,0
829,2019,617,11,0
830,2019,225,104,0
831,2019,844,24,0
832,2019,313,0,0
833,2019,150,0,0
834,2019,669,122,0
835,2019,226,73,0
836,2019,210,7,0
837,2019,521,0,0
838,2019,654,0,0
839,2019,251,11,98
840,2019,213,25,0
841,2019,274,43,0
842,2019,628,79,0
843,2019,67,415,0
844,2019,292,225,0
845,2019,497,0,0
846,2019,519,0,0
847,2019,73,391,0
848,2019,170,0,0
849,2019,462,0,0
850,2019,235,0,0
851,2019,151,333,0
852,2019,507,0,0
853,2019,570,0,0
854,2019,760,0,0
855,2019,429,0,0
856,2019,832,12,0
857,2019,1689,374,0
858,2019,351,0,0
859,2019,118,179,0
860,2019,480,86,0
861,2019,402,13,0
862,2019,704,276,0
863,2019,1800,31,0
864,2019,428,200,0
865,2019,1281,0,0
866,2019,361,0,0
867,2019,401,357,0
868,2019,172,180,0
869,2019,348,59,0
870,2019,362,8,0
871,2019,493,17,0
872,2019,673,136,0
873,2019,337,23,0
874,2019,510,190,0
875,2019,154,21,0
876,2019,440,50,0
877,2019,206,0,0
878,2019,503,125,0
879,2019,299,104,0
880,2019,126,4,0
881,2019,248,0,0
882,2019,302,44,0
883,2019,138,0,0
884,2019,220,0,0
885,2019,1146,226,0
886,2019,830,216,0
887,2019,192,53,0
888,2019,165,351,0
889,2019,224,0,0
890,2019,352,10,0
891,2019,1232,0,0
892,2019,0,37,0
893,2019,467,0,0
894,2019,299,0,0
895,2019,454,296,0
896,2019,153,221,0
897,2019,283,107,0
898,2019,550,64,0
899,2019,121,296,0
900,2019,932,0,0
901,2019,310,0,0
902,2019,260,12,0
903,2019,666,69,0
904,2019,315,55,0
905,2019,375,100,0
906,2019,240,288,0
907,2019,353,408,0
908,2019,574,0,0
909,2019,746,0,0
910,2019,147,59,0
911,2019,572,0,0
912,2019,232,56,0
913,2019,820,0,0
914,2019,489,0,0
915,2019,741,0,0
916,2019,226,28,0
917,2019,490,0,0
918,2019,1478,0,0
919,2019,327,0,0
920,2019,412,320,0
921,2019,519,0,0
922,2019,631,305,0
923,2019,2208,62,0
924,2019,505,0,0
925,2019,1452,49,0
926,2019,434,272,0
927,2019,520,47,0
928,2019,133,51,0
929,2019,1050,0,0
930,2019,58,480,0
931,2019,322,0,0
932,2019,209,527,0
933,2019,527,6,0
934,2019,322,0,0
935,2019,893,0,0
936,2019,255,48,0
937,2019,342,143,0
938,2019,459,428,0
939,2019,195,0,0
940,2019,652,0,0
941,2019,666,0,0
942,2019,320,0,0
943,2019,647,9,0
944,2019,828,0,0
945,2019,953,0,0
946,2019,400,174,0
947,2019,1123,1,0
948,2019,478,148,0
949,2019,243,0,0
950,2019,599,43,0
951,2019,144,357,0
952,2019,238,27,0
953,2019,607,53,0
954,2019,722,0,0
955,2019,102,435,0
956,2019,1071,345,0
957,2019,248,362,0
958,2019,289,35,0
959,2019,764,0,0
960,2019,576,140,0
961,2019,105,45,0
962,2019,565,0,0
963,2019,379,0,0
964,2019,279,17,0
965,2019,224,0,11
966,2019,210,0,0
967,2019,890,75,79
968,2019,63,11,0
969,2019,428,65,0
970,2019,289,26,0
971,2019,442,0,0
972,2019,260,45,0
973,2019,389,552,0
974,2019,195,6,0
975,2019,337,11,0
976,2019,198,147,0
977,2019,140,0,0
978,2019,173,73,0
979,2019,275,44,0
980,2019,325,350,0
981,2019,140,8,0
982,2019,429,0,0
983,2019,465,130,0
984,2019,576,119,0
985,2019,348,0,0
986,2019,0,613,0
987,2019,330,32,0
988,2019,368,10,0
989,2019,436,34,0
990,2019,83,13,0
991,2019,145,31,0
992,2019,598,133,0
993,2019,247,34,0
994,2019,180,120,0
995,2019,0,80,0
996,2019,244,4,0
997,2019,9,492,0
998,2019,44,522,0
999,2019,56,222,0
1000,2019,25,0,0
1001,2019,338,281,0
1002,2019,210,71,0
1003,2019,250,56,0
1004,2019,26,280,0
1005,2019,0,1,0
1006,2019,829,0,0
1007,2019,471,175,0
1008,2019,810,0,0
1009,2019,0,1,0
1010,2019,780,0,0
1011,2019,346,150,0
1012,2019,126,45,0
1013,2019,556,0,0
1014,2019,502,66,0
1015,2019,16,132,0
1016,2019,107,130,0
1017,2019,60,84,0
1018,2019,256,23,0
1019,2019,797,70,0
1020,2019,978,83,0
1021,2019,563,0,0
1022,2019,379,15,0
1023,2019,630,315,6044
1024,2019,610,9,0
1025,2019,12,0,0
1026,2019,472,346,0
1027,2019,177,145,0
1028,2019,152,256,0
1029,2019,137,24,0
1030,2019,189,173,0
1031,2019,350,214,0
1032,2019,303,0,0
1033,2019,338,0,0
1034,2019,263,6,0
1035,2019,654,0,195
1036,2019,273,215,0
1037,2019,240,170,0
1038,2019,37,247,0
1039,2019,614,559,0
1040,2019,0,440,0
1041,2019,494,0,0
1042,2019,340,66,0
1043,2019,107,505,0
1044,2019,838,272,0
1045,2019,316,349,0
1046,2019,122,738,0
1047,2019,1100,232,0
1048,2019,130,0,0
1049,2019,224,167,0
1050,2019,71,302,0
1051,2019,298,0,0
1052,2019,258,210,0
1053,2019,397,76,0
1054,2019,848,65,0
1055,2019,399,0,0
1056,2019,420,123,0
1057,2019,497,121,0
1058,2019,288,24,0
1059,2019,177,42,0
1060,2019,283,20,0
1061,2019,302,65,0
1062,2019,599,70,549
1063,2019,444,41,0
1064,2019,229,4,0
1065,2019,169,10,0
1066,2019,1125,0,0
1067,2019,137,201,74
1068,2019,592,0,0
1069,2019,105,263,0
1070,2019,83,284,0
1071,2019,347,77,0
1072,2019,46,301,0
1073,2019,484,12,0
1074,2019,461,0,0
1075,2019,795,0,0
1076,2019,868,165,0
1077,2019,615,9,0
1078,2019,683,21,0
1079,2019,591,0,0
1080,2019,203,52,0
1081,2019,56,36,517
1082,2019,315,13,0
1083,2019,508,70,0
1084,2019,198,40,0
1085,2019,294,77,0
1086,2019,215,194,0
1087,2019,681,100,0
1088,2019,609,0,49
1089,2019,106,48,0
1090,2019,496,760,0
1091,2019,840,0,0
1092,2019,350,143,0
1093,2019,318,7,0
1094,2019,372,62,0
1095,2019,128,10,0
1096,2019,395,29,0
1097,2019,366,331,0
1098,2019,238,0,0
1099,2019,656,0,0
1100,2019,314,24,0
1101,2019,406,77,0
1102,2019,282,2,0
1103,2019,318,80,0
1104,2019,277,0,0
1105,2019,104,0,0
1106,2019,423,31,0
1107,2019,316,0,0
1108,2019,314,32,0
1109,2019,491,0,0
1110,2019,778,0,0
1111,2019,756,12,0
1112,2019,231,27,0
1113,2019,372,25,0
1114,2019,336,12,0
1115,2019,166,543,0
1116,2019,583,225,0
1117,2019,548,82,0
1118,2019,719,49,0
1119,2019,268,0,0
1120,2019,147,28,0
1121,2019,275,25,2400
1122,2019,413,0,0
1123,2019,369,35,440
1124,2019,712,29,0
1125,2019,294,36,11
1126,2019,281,28,0
1127,2019,337,16,0
1128,2019,451,12,0
1129,2019,303,30,0
1130,2019,305,508,0
1131,2019,714,0,0
1132,2019,317,416,0
1133,2019,701,133,0
1134,2019,1052,883,0
1135,2019,359,23,0
1136,2019,537,31,0
1137,2019,256,0,0
1138,2019,271,0,0
1139,2019,537,255,0
1140,2019,249,54,0
1141,2019,347,0,0
1142,2019,520,0,0
1143,2019,466,138,0
1144,2019,648,126,0
1145,2019,982,336,15
1146,2019,277,5,0
1147,2019,299,539,0
1148,2019,464,27,0
1149,2019,311,0,0
1150,2019,548,17,7
1151,2019,249,160,0
1152,2019,711,153,0
1153,2019,545,14,0
1154,2019,568,36,0
1155,2019,432,0,0
1156,2019,240,0,0
1157,2019,611,37,0
1158,2019,417,0,0
1159,2019,305,228,0
1160,2019,491,41,0
1161,2019,1207,0,0
1162,2019,340,342,0
1163,2019,281,42,1629
1164,2019,1300,0,0
1165,2019,108,185,0
1166,2019,565,87,0
1167,2019,300,0,0
1168,2019,360,7,0
1169,2019,684,699,0
1170,2019,343,718,0
1171,2019,632,77,0
1172,2019,320,47,0
1173,2019,569,353,0
1174,2019,178,119,0
1175,2019,176,3,29
1176,2019,542,4,0
1177,2019,415,165,0
1178,2019,73,4,0
1179,2019,118,29,13
1180,2019,282,26,0
1181,2019,288,30,0
1182,2019,188,105,0
1183,2019,379,0,0
1184,2019,428,135,0
1185,2019,337,0,0
1186,2019,873,25,0
1187,2019,154,150,0
1188,2019,221,123,0
1189,2019,423,373,0
1190,2019,211,159,0
1191,2019,201,200,0
1192,2019,348,0,0
1193,2019,204,36,0
1194,2019,157,129,0
1195,2019,529,233,0
1196,2019,771,101,0
1197,2019,474,0,0
1198,2019,188,210,0
1199,2019,367,88,0
1200,2019,71,101,0
1201,2019,276,38,0
1202,2019,102,13,0
1203,2019,832,0,0
1204,2019,405,0,0
1205,2019,228,54,0
1206,2019,527,10,0
1207,2019,419,0,0
1208,2019,436,84,0
1209,2019,224,313,0
1210,2019,195,416,0
1211,2019,273,11,0
1212,2019,189,22,0
1213,2019,0,508,0
1214,2019,357,0,0
1215,2019,201,61,0
1216,2019,305,0,0
1217,2019,340,0,0
1218,2019,441,18,0
1219,2019,620,0,0
1220,2019,175,0,0
1221,2019,365,22,0
1222,2019,867,0,0
1223,2019,894,0,0
1224,2019,284,10,0
1225,2019,237,43,0
1226,2019,542,56,0
1227,2019,262,16,0
1228,2019,294,11,0
1229,2019,131,0,0
1230,2019,81,89,0
1231,2019,233,0,0
1232,2019,198,290,0
1233,2019,231,0,0
1234,2019,316,307,0
1235,2019,231,420,0
1236,2019,136,71,0
1237,2019,496,0,0
1238,2019,521,43,0
1239,2019,871,0,0
1240,2019,155,85,0
1241,2019,624,178,0
1242,2019,75,492,0
1243,2019,89,559,0
1244,2019,689,0,0
1245,2019,0,385,0
1246,2019,905,0,0
1247,2019,721,0,0
1248,2019,831,291,0
1249,2019,756,81,0
1250,2019,725,0,0
1251,2019,408,0,0
1252,2019,857,0,0
1253,2019,408,74,0
1254,2019,499,0,0
1255,2019,275,392,0
1256,2019,390,752,0
1257,2019,299,81,0
1258,2019,1256,0,0
1259,2019,114,206,0
1260,2019,323,18,0
1261,2019,268,237,0
1262,2019,907,7,0
1263,2019,453,62,0
1264,2019,318,0,0
1265,2019,367,178,0
1266,2019,847,0,0
1267,2019,1154,362,0
1268,2019,1021,0,0
1269,2019,1139,26,0
1270,2019,794,57,0
1271,2019,1037,0,0
1272,2019,834,123,0
1273,2019,708,0,0
1274,2019,740,0,0
1275,2019,677,0,0
1276,2019,253,4,0
1277,2019,718,90,0
1278,2019,275,116,0
1279,2019,383,626,0
1280,2019,57,60,0
1281,2019,725,883,0
1282,2019,459,0,0
1283,2019,115,20,0
1284,2019,744,417,0
1285,2019,125,0,0
1286,2019,51,284,0
1287,2019,633,0,0
1288,2019,515,64,0
1289,2019,370,0,0
1290,2019,532,0,0
1291,2019,582,0,0
1292,2019,347,32,0
1293,2019,228,60,0
1294,2019,181,0,0
1295,2019,337,0,0
1296,2019,447,63,0
1297,2019,677,0,0
1298,2019,519,32,0
1299,2019,367,27,0
1300,2019,122,3,0
1301,2019,44,49,0
1302,2019,235,110,0
1303,2019,140,186,0
1304,2019,176,209,0
1305,2019,190,0,0
1306,2019,399,11,0
1307,2019,409,39,0
1308,2019,516,0,0
1309,2019,409,0,0
1310,2019,624,0,0
1311,2019,436,0,0
1312,2019,407,0,64
1313,2019,343,36,0
1314,2019,319,11,0
1315,2019,275,0,0
1316,2019,824,31,0
1317,2019,152,0,0
1318,2019,220,17,0
1319,2019,888,0,0
1320,2019,175,188,0
1321,2019,164,360,0
1322,2019,574,0,0
1323,2019,76,160,0
1324,2019,523,14,0
1325,2019,494,0,0
1326,2019,194,6,0
1327,2019,206,0,0
1328,2019,136,19,0
1329,2019,364,290,0
1330,2019,849,266,0
1331,2019,770,217,22
1332,2019,786,0,0
1333,2019,974,117,0
1334,2019,245,0,0
1335,2019,258,96,0
1336,2019,378,75,0
1337,2019,219,123,0
1338,2019,720,0,0
1339,2019,642,108,0
1340,2019,320,6,0
1341,2019,868,0,0
1342,2019,1005,322,0
1343,2019,1127,0,0
1344,2019,239,0,0
1345,2019,129,50,0
1346,2019,749,0,0
1347,2019,385,230,0
1348,2019,849,599,0
1349,2019,345,36,0
1350,2019,1166,86,0
1351,2019,1044,0,0
1352,2019,407,0,0
1353,2019,536,10,0
1354,2019,1026,0,0
1355,2019,886,0,0
1356,2019,581,350,0
1357,2019,118,414,0
1358,2019,593,0,0
1359,2019,636,56,0
1360,2019,348,329,0
1361,2019,772,135,0
1362,2019,1142,0,0
1363,2019,617,46,0
1364,2019,71,12,0
1365,2019,1941,0,0
1366,2019,243,23,0
1367,2019,750,0,0
1368,2019,683,0,0
1369,2019,780,1,0
1370,2019,1178,57,0
1371,2019,662,171,0
1372,2019,1076,0,0
1373,2019,1010,0,0
1374,2019,150,232,0
1375,2019,579,0,0
1376,2019,809,73,0
1377,2019,2,71,0
1378,2019,126,0,0
1379,2019,1033,0,0
1380,2019,842,0,0
1381,2019,415,132,0
1382,2019,1109,58,0
1383,2019,1079,34,0
1384,2019,486,0,0
1385,2019,967,78,0
1386,2019,417,258,0
1387,2019,469,793,0
1388,2019,225,0,0
1389,2019,148,21,0
1390,2019,658,78,0
1391,2019,251,0,0
1392,2019,730,13,0
1393,2019,675,281,0
1394,2019,683,0,0
1395,2019,394,369,0
1396,2019,364,0,0
1397,2019,492,0,0
1398,2019,328,80,0
1399,2019,47,11,0
1400,2019,424,323,0
1401,2019,337,9,0
1402,2019,284,48,0
1403,2019,115,95,0
1404,2019,254,13,0
1405,2019,544,38,0
1406,2019,405,158,0
1407,2019,278,0,60
1408,2019,229,0,0
1409,2019,522,84,0
1410,2019,80,398,0
1411,2019,433,108,0
1412,2019,177,0,79
1413,2019,48,260,0
1414,2019,0,158,0
1415,2019,79,363,0
1416,2019,402,267,0
1417,2019,286,18,0
1418,2019,391,0,0
1419,2019,279,59,0
1420,2019,145,58,0
1421,2019,186,154,0
1422,2019,740,0,0
1423,2019,791,19,0
1424,2019,166,126,0
1425,2019,177,1090,1499
1426,2019,61,172,0
1427,2019,134,406,0
1428,2019,336,438,0
1429,2019,690,117,0
1430,2019,124,162,0
1431,2019,512,171,0
1432,2019,71,333,0
1433,2019,305,0,0
1434,2019,223,0,0
1435,2019,1268,0,0
1436,2019,381,17,0
1437,2019,37,189,0
1438,2019,250,0,0
1439,2019,183,0,0
1440,2019,381,0,0
1441,2019,176,84,0
1442,2019,288,0,0
1443,2019,406,119,0
1444,2019,322,76,0
1445,2019,194,55,0
1446,2019,147,377,0
1447,2019,325,359,0
1448,2019,97,572,0
1449,2019,92,231,0
1450,2019,130,20,0
1451,2019,231,222,0
1452,2019,670,0,0
1453,2019,144,32,71
1454,2019,357,454,0
1455,2019,65,344,0
1456,2019,191,500,0
1457,2019,688,235,0
1458,2019,169,0,0
1459,2019,153,197,0
1460,2019,7,338,0
1461,2019,85,525,0
1462,2019,185,276,0
1463,2019,492,261,0
1464,2019,7,133,0
1465,2019,141,34,0
1466,2019,409,244,0
1467,2019,58,112,0
1468,2019,449,8,0
1469,2019,407,143,0
1470,2019,501,0,0
1471,2019,481,31,0
1472,2019,284,49,0
1473,2019,192,0,0
1474,2019,170,539,0
1475,2019,764,0,0
1476,2019,761,97,0
1477,2019,86,18,0
1478,2019,120,46,0
1479,2019,115,142,0
1480,2019,525,310,0
1481,2019,124,37,0
1482,2019,172,25,0
1483,2019,933,17,0
1484,2019,1013,309,0
1485,2019,940,0,0
1486,2019,101,158,0
1487,2019,104,63,0
1488,2019,83,143,0
1489,2019,3,255,0
1490,2019,50,367,602
1491,2019,375,0,0
1492,2019,314,335,0
1493,2019,39,211,0
1494,2019,303,69,0
1495,2019,354,100,0
1496,2019,126,286,0
1497,2019,456,33,14
1498,2019,279,0,0
1499,2019,224,3,0
1500,2019,261,227,45
1501,2019,301,43,0
1502,2019,360,60,0
1503,2019,266,228,0
1504,2019,258,31,0
1505,2019,250,0,0
1506,2019,304,0,55
1507,2019,532,0,0
1508,2019,22,0,0
1509,2019,197,200,0
1510,2019,336,0,0
1511,2019,323,9,0
1512,2019,319,79,0
1513,2019,165,3,0
1514,2019,141,135,0
1515,2019,363,149,0
1516,2019,261,17,0
1517,2019,892,0,0
1518,2019,322,0,0
1519,2019,582,35,0
1520,2019,426,0,0
1521,2019,320,108,0
1522,2019,307,17,0
1523,2019,360,0,0
1524,2019,380,0,0
1525,2019,1044,0,0
1526,2019,262,570,0
1527,2019,231,96,0
1528,2019,402,28,0
1529,2019,172,48,0
1530,2019,262,103,0
1531,2019,392,98,0
1532,2019,280,0,0
1533,2019,73,50,0
1534,2019,74,78,0
1535,2019,194,205,0
1536,2019,257,114,0
1537,2019,296,328,0
1538,2019,202,0,0
1539,2019,274,43,0
1540,2019,773,30,0
1541,2019,210,184,0
1542,2019,335,71,0
1543,2019,445,27,0
1544,2019,602,864,0
1545,2019,260,39,0
1546,2019,1218,0,0
1547,2019,267,665,0
1548,2019,174,321,0
1549,2019,30,1208,0
1550,2019,0,749,0
1551,2019,331,67,0
1552,2019,973,14,0
1553,2019,228,25,0
1554,2019,318,0,0
1555,2019,120,0,0
1556,2019,350,24,0
1557,2019,443,0,32
1558,2019,228,0,0
1559,2019,191,0,0
1560,2019,100,290,0
1561,2019,374,23,6
1562,2019,94,77,0
1563,2019,56,496,0
1564,2019,337,0,0
1565,2019,275,124,0
1566,2019,150,248,0
1567,2019,637,3,0
1568,2019,548,0,0
1569,2019,88,6,0
1570,2019,274,3,0
1571,2019,288,17,0
1572,2019,217,13,0
1573,2019,164,10,0
1574,2019,278,0,0
1575,2019,133,20,0
1576,2019,218,0,0
1577,2019,306,16,0
1578,2019,96,390,0
1579,2019,429,163,0
1580,2019,1189,370,0
1581,2019,499,225,0
1582,2019,1270,135,0
1583,2019,427,13,56
1584,2019,668,162,0
1585,2019,324,115,0
1586,2019,72,189,0
1587,2019,260,68,0
1588,2019,445,0,0
1589,2019,142,0,0
1590,2019,339,0,0
1591,2019,160,17,0
1592,2019,260,4,0
1593,2019,129,277,0
1594,2019,652,0,0
1595,2019,679,0,0
1596,2019,316,267,0
1597,2019,210,0,0
1598,2019,847,10,0
1599,2019,963,149,0
1600,2019,292,0,0
1601,2019,323,185,11
1602,2019,562,257,0
1603,2019,516,0,175
1604,2019,517,0,0
1605,2019,840,8,0
1606,2019,479,0,0
1607,2019,472,249,0
1608,2019,285,41,0
1609,2019,630,34,0
1610,2019,274,48,0
1611,2019,865,86,0
1612,2019,311,20,0
1613,2019,298,0,0
1614,2019,631,87,0
1615,2019,196,108,0
1616,2019,344,0,550
1617,2019,278,69,0
1618,2019,593,58,412
1619,2019,773,11,8
1620,2019,118,272,0
1621,2019,342,16,0
1622,2019,253,9,0
1623,2019,675,0,0
1624,2019,329,0,0
1625,2019,48,124,0
1626,2019,1537,0,0
1627,2019,95,46,0
1628,2019,252,0,0
1629,2019,281,99,0
1630,2019,633,160,0
1631,2019,501,220,0
1632,2019,80,0,0
1633,2019,1485,180,0
1634,2019,321,0,0
1635,2019,699,0,0
1636,2019,134,214,0
1637,2019,421,63,0
1638,2019,214,19,0
1639,2019,100,147,0
1640,2019,376,24,0
1641,2019,532,106,0
1642,2019,368,27,0
1643,2019,1455,142,0
1644,2019,146,64,0
1645,2019,369,74,0
1646,2019,613,17,0
1647,2019,340,0,0
1648,2019,98,0,0
1649,2019,682,69,0
1650,2019,94,0,0
1651,2019,87,36,0
1652,2019,793,26,0
1653,2019,314,0,0
1654,2019,981,0,0
1655,2019,186,0,0
1656,2019,391,484,0
1657,2019,1137,144,0
1658,2019,765,217,0
1659,2019,1331,0,0
1660,2019,240,34,0
1661,2019,456,382,0
1662,2019,892,36,0
1663,2019,387,0,0
1664,2019,2057,0,0
1665,2019,968,0,0
1666,2019,853,50,0
1667,2019,759,67,0
1668,2019,148,0,0
1669,2019,117,40,0
1670,2019,158,46,0
1671,2019,589,102,0
1672,2019,1006,90,0
1673,2019,935,46,0
1674,2019,343,0,0
1675,2019,252,105,0
1676,2019,970,0,0
1677,2019,652,232,0
1678,2019,435,0,0
1679,2019,936,0,0
1680,2019,459,74,0
1681,2019,957,0,0
1682,2019,275,24,0
1683,2019,1199,0,0
1684,2019,263,0,0
1685,2019,502,55,0
1686,2019,282,361,0
1687,2019,419,0,0
1688,2019,709,0,0
1689,2019,22,62,0
1690,2019,459,0,0
1691,2019,257,0,0
1692,2019,712,0,0
1693,2019,944,0,0
1694,2019,670,0,0
1695,2019,471,0,0
1696,2019,673,0,0
1697,2019,675,492,0
1698,2019,656,0,0
1699,2019,581,0,0
1700,2019,720,0,0
1701,2019,409,0,0
1702,2019,471,155,0
1703,2019,276,0,0
1704,2019,792,49,0
1705,2019,1055,233,0
1706,2019,240,56,0
1707,2019,291,0,0
1708,2019,540,163,0
1709,2019,647,102,0
1710,2019,556,60,0
1711,2019,261,14,0
1712,2019,572,0,0
1713,2019,303,15,0
1714,2019,22,388,0
1715,2019,155,172,0
1716,2019,242,0,0
1717,2019,340,22,0
1718,2019,589,256,0
1719,2019,602,0,0
1,2050,380,85,0
2,2050,704,21,0
3,2050,193,19,0
4,2050,367,51,0
5,2050,467,0,0
6,2050,229,0,0
7,2050,268,0,0
8,2050,717,0,0
9,2050,549,0,0
10,2050,283,243,0
11,2050,157,25,0
12,2050,55,1508,0
13,2050,1514,0,0
14,2050,360,107,0
15,2050,809,437,0
16,2050,48,841,0
17,2050,558,0,0
18,2050,486,0,0
19,2050,260,79,110
20,2050,205,44,0
21,2050,386,0,0
22,2050,557,0,0
23,2050,16,72,0
24,2050,250,24,0
25,2050,1226,125,0
26,2050,436,51,0
27,2050,841,34,0
28,2050,461,0,0
29,2050,623,0,0
30,2050,870,0,0
31,2050,791,337,0
32,2050,51,159,0
33,2050,657,0,0
34,2050,1305,0,0
35,2050,1025,275,0
36,2050,338,441,0
37,2050,497,82,0
38,2050,967,0,0
39,2050,840,574,0
40,2050,220,0,0
41,2050,359,12,0
42,2050,71,175,0
43,2050,35,580,0
44,2050,601,41,0
45,2050,26,208,0
46,2050,380,0,0
47,2050,843,0,0
48,2050,676,0,0
49,2050,876,341,0
50,2050,293,113,0
51,2050,1382,307,0
52,2050,1335,114,0
53,2050,509,0,0
54,2050,802,0,0
55,2050,736,879,0
56,2050,101,0,0
57,2050,1187,0,0
58,2050,1066,62,0
59,2050,1082,146,0
60,2050,175,8,0
61,2050,807,0,0
62,2050,758,26,0
63,2050,459,134,0
64,2050,363,38,0
65,2050,167,0,0
66,2050,139,57,13
67,2050,834,220,0
68,2050,282,0,0
69,2050,598,0,0
70,2050,487,190,0
71,2050,370,19,0
72,2050,749,257,0
73,2050,119,284,0
74,2050,865,16,0
75,2050,431,0,0
76,2050,495,153,0
77,2050,206,77,0
78,2050,178,47,0
79,2050,275,0,0
80,2050,624,0,0
81,2050,458,118,0
82,2050,161,151,0
83,2050,819,108,0
84,2050,484,0,0
85,2050,339,0,0
86,2050,263,0,0
87,2050,480,0,56
88,2050,855,0,0
89,2050,1324,0,0
90,2050,690,0,0
91,2050,430,12,0
92,2050,453,1,0
93,2050,1783,56,0
94,2050,1131,0,0
95,2050,2516,0,0
96,2050,270,0,0
97,2050,453,56,0
98,2050,121,27,0
99,2050,155,42,0
100,2050,272,550,0
101,2050,119,0,0
102,2050,161,26,0
103,2050,1024,27,0
104,2050,752,131,0
105,2050,547,30,0
106,2050,1304,0,0
107,2050,2383,0,0
108,2050,159,2,0
109,2050,442,0,0
110,2050,577,0,0
111,2050,806,100,0
112,2050,366,377,0
113,2050,918,0,0
114,2050,313,340,0
115,2050,230,212,0
116,2050,939,64,0
117,2050,5,210,0
118,2050,712,0,0
119,2050,168,341,0
120,2050,277,0,0
121,2050,142,310,0
122,2050,323,171,0
123,2050,211,52,0
124,2050,311,218,0
125,2050,314,25,0
126,2050,286,0,0
127,2050,725,0,0
128,2050,529,0,0
129,2050,535,0,0
130,2050,315,0,0
131,2050,165,550,0
132,2050,1090,0,0
133,2050,203,89,715
134,2050,1874,0,0
135,2050,982,0,0
136,2050,621,47,0
137,2050,1627,0,0
138,2050,1363,43,0
139,2050,435,0,0
140,2050,500,0,0
141,2050,742,0,0
142,2050,991,0,0
143,2050,2257,141,0
144,2050,549,0,0
145,2050,991,13,0
146,2050,699,10,0
147,2050,763,7,0
148,2050,1000,6,0
149,2050,137,0,0
150,2050,1083,35,0
151,2050,1825,0,0
152,2050,1210,0,0
153,2050,1124,344,0
154,2050,497,324,0
155,2050,209,0,0
156,2050,693,43,0
157,2050,126,57,0
158,2050,102,35,0
159,2050,518,62,0
160,2050,980,0,0
161,2050,381,5,0
162,2050,385,140,0
163,2050,1202,0,0
164,2050,1403,0,0
165,2050,189,227,0
166,2050,241,388,0
167,2050,262,0,0
168,2050,1379,0,0
169,2050,589,0,0
170,2050,272,0,0
171,2050,640,0,0
172,2050,477,67,0
173,2050,285,0,0
174,2050,54,458,0
175,2050,1367,1164,0
176,2050,840,0,0
177,2050,56,696,0
178,2050,93,279,0
179,2050,305,0,0
180,2050,142,281,0
181,2050,628,34,0
182,2050,170,605,0
183,2050,570,2197,0
184,2050,122,1540,0
185,2050,516,67,0
186,2050,726,339,0
187,2050,359,0,0
188,2050,1178,278,0
189,2050,0,1,0
190,2050,338,82,0
191,2050,345,455,0
192,2050,1231,0,0
193,2050,279,21,0
194,2050,649,0,0
195,2050,26,481,0
196,2050,131,699,0
197,2050,0,731,0
198,2050,288,233,0
199,2050,129,0,0
200,2050,662,67,0
201,2050,460,48,25
202,2050,120,51,0
203,2050,537,0,9
204,2050,393,0,0
205,2050,108,648,0
206,2050,1008,0,34
207,2050,290,28,35
208,2050,305,4,0
209,2050,503,0,0
210,2050,271,12,0
211,2050,0,1,2988
212,2050,1406,99,382
213,2050,808,156,0
214,2050,430,29,0
215,2050,0,237,0
216,2050,228,1026,0
217,2050,1326,167,0
218,2050,542,104,0
219,2050,112,91,0
220,2050,541,0,0
221,2050,594,0,0
222,2050,247,170,0
223,2050,133,239,0
224,2050,992,0,0
225,2050,623,0,0
226,2050,169,0,0
227,2050,29,82,0
228,2050,62,366,0
229,2050,482,376,0
230,2050,655,573,0
231,2050,211,0,0
232,2050,373,143,228
233,2050,415,0,0
234,2050,334,0,0
235,2050,257,0,0
236,2050,256,454,0
237,2050,170,343,0
238,2050,269,0,0
239,2050,734,84,0
240,2050,681,108,0
241,2050,482,0,0
242,2050,299,44,0
243,2050,25,535,0
244,2050,27,358,0
245,2050,0,615,0
246,2050,262,40,0
247,2050,416,18,0
248,2050,4,863,0
249,2050,0,1974,0
250,2050,451,571,0
251,2050,571,306,0
252,2050,155,95,0
253,2050,24,636,0
254,2050,59,825,0
255,2050,0,1,0
256,2050,0,1,0
257,2050,828,310,0
258,2050,320,374,0
259,2050,67,474,0
260,2050,193,6,0
261,2050,729,540,0
262,2050,37,82,0
263,2050,2303,256,0
264,2050,751,0,0
265,2050,466,880,0
266,2050,135,614,0
267,2050,861,65,0
268,2050,161,235,0
269,2050,0,170,0
270,2050,744,0,0
271,2050,953,0,0
272,2050,743,214,0
273,2050,0,561,0
274,2050,249,271,0
275,2050,849,0,0
276,2050,678,0,0
277,2050,316,62,0
278,2050,179,32,0
279,2050,1378,100,0
280,2050,1804,0,0
281,2050,941,104,0
282,2050,205,348,0
283,2050,171,0,0
284,2050,103,420,0
285,2050,485,0,0
286,2050,1049,20,0
287,2050,283,0,0
288,2050,272,75,0
289,2050,1166,170,0
290,2050,710,0,0
291,2050,570,48,0
292,2050,145,36,0
293,2050,689,0,0
294,2050,48,36,0
295,2050,231,80,0
296,2050,165,21,0
297,2050,322,7,0
298,2050,411,17,0
299,2050,324,22,0
300,2050,227,145,0
301,2050,712,124,0
302,2050,286,175,0
303,2050,381,91,0
304,2050,1029,0,0
305,2050,380,0,0
306,2050,290,237,0
307,2050,347,243,0
308,2050,384,68,0
309,2050,523,0,0
310,2050,424,0,0
311,2050,358,0,0
312,2050,236,80,0
313,2050,272,52,0
314,2050,1262,0,0
315,2050,931,136,0
316,2050,1314,66,0
317,2050,612,11,0
318,2050,203,26,0
319,2050,445,0,0
320,2050,439,0,0
321,2050,682,42,0
322,2050,420,97,0
323,2050,403,118,0
324,2050,374,37,0
325,2050,637,11,0
326,2050,422,58,0
327,2050,11,733,0
328,2050,720,0,0
329,2050,249,199,0
330,2050,398,0,0
331,2050,1008,56,0
332,2050,1563,981,0
333,2050,420,22,0
334,2050,475,47,43
335,2050,322,0,0
336,2050,1147,23,0
337,2050,337,0,0
338,2050,1105,303,0
339,2050,708,358,0
340,2050,717,0,0
341,2050,501,57,0
342,2050,408,51,0
343,2050,476,0,0
344,2050,627,60,562
345,2050,751,98,0
346,2050,197,0,0
347,2050,331,24,216
348,2050,239,0,0
349,2050,277,0,0
350,2050,145,371,0
351,2050,374,0,0
352,2050,960,0,0
353,2050,1225,129,0
354,2050,191,0,0
355,2050,412,263,0
356,2050,834,575,0
357,2050,327,51,0
358,2050,881,111,0
359,2050,250,241,0
360,2050,141,16,0
361,2050,204,4,0
362,2050,196,19,0
363,2050,365,214,0
364,2050,439,55,0
365,2050,33,218,0
366,2050,327,13,697
367,2050,580,363,0
368,2050,534,0,0
369,2050,186,396,0
370,2050,548,171,0
371,2050,253,105,0
372,2050,430,143,0
373,2050,685,543,0
374,2050,129,0,0
375,2050,411,14,0
376,2050,300,0,0
377,2050,266,0,0
378,2050,500,7,0
379,2050,1273,21,0
380,2050,108,0,0
381,2050,367,0,0
382,2050,569,0,0
383,2050,328,113,0
384,2050,1252,71,0
385,2050,1068,0,0
386,2050,1268,0,0
387,2050,287,927,0
388,2050,716,0,0
389,2050,584,142,0
390,2050,356,0,0
391,2050,431,33,0
392,2050,252,131,0
393,2050,1549,0,0
394,2050,1386,36,0
395,2050,569,0,0
396,2050,2057,0,0
397,2050,506,80,0
398,2050,621,100,0
399,2050,216,34,0
400,2050,507,15,0
401,2050,274,0,0
402,2050,497,157,0
403,2050,276,37,0
404,2050,576,31,0
405,2050,376,63,0
406,2050,235,150,0
407,2050,402,50,0
408,2050,68,162,0
409,2050,667,460,0
410,2050,440,0,0
411,2050,728,122,0
412,2050,259,4,0
413,2050,524,0,0
414,2050,365,340,0
415,2050,291,60,0
416,2050,171,18,0
417,2050,200,0,0
418,2050,483,41,0
419,2050,1043,0,0
420,2050,435,9,0
421,2050,451,32,0
422,2050,229,282,0
423,2050,714,46,0
424,2050,952,450,0
425,2050,528,369,0
426,2050,658,0,0
427,2050,623,8,0
428,2050,408,7,0
429,2050,495,27,0
430,2050,101,55,0
431,2050,843,593,85
432,2050,255,28,0
433,2050,788,9,0
434,2050,332,0,0
435,2050,398,35,0
436,2050,160,128,0
437,2050,381,19,0
438,2050,0,1,0
439,2050,105,0,0
440,2050,327,76,0
441,2050,721,0,0
442,2050,480,61,0
443,2050,1185,0,0
444,2050,1517,197,0
445,2050,485,18,0
446,2050,231,0,0
447,2050,313,12,0
448,2050,495,0,0
449,2050,173,109,0
450,2050,250,72,0
451,2050,541,199,0
452,2050,1441,0,0
453,2050,1432,0,0
454,2050,430,0,0
455,2050,647,0,0
456,2050,359,209,0
457,2050,163,469,0
458,2050,306,597,0
459,2050,44,333,0
460,2050,17,255,0
461,2050,1259,375,0
462,2050,2084,140,0
463,2050,180,122,0
464,2050,468,20,0
465,2050,314,0,0
466,2050,309,0,0
467,2050,585,0,0
468,2050,120,555,0
469,2050,406,41,0
470,2050,85,158,0
471,2050,1289,48,0
472,2050,801,397,0
473,2050,429,210,0
474,2050,23,404,0
475,2050,125,218,0
476,2050,240,200,0
477,2050,504,0,0
478,2050,388,87,0
479,2050,476,0,0
480,2050,13,249,0
481,2050,791,81,0
482,2050,1097,0,0
483,2050,142,73,0
484,2050,696,0,0
485,2050,649,0,0
486,2050,746,0,0
487,2050,512,0,0
488,2050,187,25,0
489,2050,344,144,0
490,2050,612,16,0
491,2050,219,33,0
492,2050,191,25,0
493,2050,189,10,0
494,2050,272,40,0
495,2050,340,28,0
496,2050,316,22,0
497,2050,325,72,0
498,2050,208,53,0
499,2050,184,20,0
500,2050,138,42,0
501,2050,249,166,0
502,2050,233,3,0
503,2050,124,24,0
504,2050,88,34,0
505,2050,480,15,0
506,2050,443,249,0
507,2050,439,544,0
508,2050,470,221,0
509,2050,238,0,0
510,2050,710,6,0
511,2050,420,140,0
512,2050,297,0,0
513,2050,432,10,0
514,2050,575,52,0
515,2050,314,954,0
516,2050,163,92,0
517,2050,884,0,0
518,2050,765,556,0
519,2050,1322,127,0
520,2050,176,0,0
521,2050,1007,453,0
522,2050,254,22,0
523,2050,640,0,0
524,2050,317,359,0
525,2050,83,14,0
526,2050,1445,31,0
527,2050,251,14,0
528,2050,286,96,0
529,2050,131,47,0
530,2050,246,108,0
531,2050,666,22,0
532,2050,748,117,0
533,2050,745,0,0
534,2050,275,0,0
535,2050,262,71,13
536,2050,120,0,2
537,2050,294,6,0
538,2050,173,94,301
539,2050,553,0,2956
540,2050,443,2,0
541,2050,382,8,0
542,2050,294,28,0
543,2050,56,0,0
544,2050,269,1,0
545,2050,182,43,0
546,2050,370,318,222
547,2050,290,32,0
548,2050,88,279,0
549,2050,435,152,0
550,2050,222,5,0
551,2050,351,55,0
552,2050,359,5,0
553,2050,407,0,0
554,2050,943,70,0
555,2050,634,269,0
556,2050,463,0,0
557,2050,252,11,0
558,2050,499,0,0
559,2050,842,0,0
560,2050,885,0,0
561,2050,880,8,0
562,2050,1695,24,0
563,2050,948,0,0
564,2050,1577,0,0
565,2050,614,210,0
566,2050,724,15,0
567,2050,462,0,0
568,2050,817,74,0
569,2050,511,7,0
570,2050,488,492,0
571,2050,37,548,0
572,2050,225,164,0
573,2050,136,0,0
574,2050,687,12,0
575,2050,311,24,0
576,2050,534,95,0
577,2050,126,50,0
578,2050,879,118,0
579,2050,161,96,0
580,2050,594,221,0
581,2050,215,31,0
582,2050,216,52,0
583,2050,177,82,0
584,2050,321,0,0
585,2050,301,62,0
586,2050,336,11,0
587,2050,958,0,0
588,2050,641,32,0
589,2050,249,124,0
590,2050,361,0,0
591,2050,1027,0,0
592,2050,729,0,0
593,2050,376,0,0
594,2050,551,166,0
595,2050,568,22,0
596,2050,407,41,0
597,2050,270,306,0
598,2050,342,20,0
599,2050,152,0,0
600,2050,949,0,0
601,2050,399,0,0
602,2050,879,215,0
603,2050,2417,678,0
604,2050,2602,476,0
605,2050,269,550,0
606,2050,1402,0,0
607,2050,423,0,0
608,2050,795,209,0
609,2050,1618,0,0
610,2050,721,0,0
611,2050,460,0,0
612,2050,1246,0,0
613,2050,1421,0,0
614,2050,625,60,0
615,2050,810,201,0
616,2050,621,7,0
617,2050,444,0,0
618,2050,1787,0,0
619,2050,924,0,0
620,2050,926,0,0
621,2050,648,0,0
622,2050,298,0,0
623,2050,1200,568,0
624,2050,2120,375,0
625,2050,150,660,0
626,2050,766,0,0
627,2050,310,584,0
628,2050,2236,0,0
629,2050,2172,171,0
630,2050,1241,0,0
631,2050,1433,455,0
632,2050,1095,192,0
633,2050,900,0,0
634,2050,1236,0,0
635,2050,1833,0,0
636,2050,339,127,0
637,2050,270,0,0
638,2050,1116,0,0
639,2050,379,0,0
640,2050,344,87,0
641,2050,245,306,0
642,2050,373,0,0
643,2050,530,41,0
644,2050,150,1034,0
645,2050,485,0,0
646,2050,628,82,0
647,2050,339,400,0
648,2050,605,194,0
649,2050,354,0,0
650,2050,29,457,0
651,2050,661,0,0
652,2050,220,415,0
653,2050,314,102,0
654,2050,549,133,0
655,2050,1018,1029,0
656,2050,1076,1,0
657,2050,397,0,0
658,2050,881,0,0
659,2050,743,0,0
660,2050,871,0,0
661,2050,1357,98,0
662,2050,422,41,0
663,2050,433,64,0
664,2050,160,849,0
665,2050,582,336,0
666,2050,918,2162,0
667,2050,289,0,0
668,2050,69,14,0
669,2050,100,0,0
670,2050,545,44,20
671,2050,237,12,5
672,2050,429,6,5
673,2050,442,5,0
674,2050,446,11,0
675,2050,607,0,8
676,2050,346,4,0
677,2050,591,5,0
678,2050,487,233,0
679,2050,756,11,0
680,2050,549,111,0
681,2050,366,0,0
682,2050,1235,405,0
683,2050,438,699,0
684,2050,867,2,0
685,2050,1049,74,0
686,2050,150,883,0
687,2050,382,44,0
688,2050,189,267,0
689,2050,365,189,0
690,2050,298,0,0
691,2050,297,0,27
692,2050,352,160,0
693,2050,386,0,0
694,2050,109,0,0
695,2050,475,37,0
696,2050,373,156,0
697,2050,362,17,0
698,2050,114,208,0
699,2050,1220,849,0
700,2050,880,0,0
701,2050,219,29,0
702,2050,161,290,0
703,2050,382,0,0
704,2050,176,12,0
705,2050,410,112,0
706,2050,241,33,0
707,2050,297,26,0
708,2050,413,76,0
709,2050,573,8,0
710,2050,372,973,252
711,2050,630,17,0
712,2050,1477,560,0
713,2050,1794,105,0
714,2050,118,0,0
715,2050,5232,0,0
716,2050,174,104,13
717,2050,306,113,0
718,2050,472,92,7
719,2050,212,421,482
720,2050,161,10,0
721,2050,111,28,208
722,2050,402,209,0
723,2050,166,188,0
724,2050,136,507,0
725,2050,82,500,0
726,2050,681,530,0
727,2050,375,147,0
728,2050,573,76,0
729,2050,873,0,0
730,2050,346,0,0
731,2050,501,71,0
732,2050,482,0,0
733,2050,359,241,0
734,2050,784,50,0
735,2050,249,57,0
736,2050,496,385,0
737,2050,111,13,0
738,2050,1907,0,0
739,2050,559,0,0
740,2050,166,256,0
741,2050,648,231,0
742,2050,463,0,0
743,2050,303,0,0
744,2050,383,137,0
745,2050,301,310,0
746,2050,719,228,0
747,2050,363,0,0
748,2050,442,0,0
749,2050,343,13,0
750,2050,792,196,78
751,2050,428,0,0
752,2050,369,10,67
753,2050,528,222,873
754,2050,447,0,0
755,2050,996,67,0
756,2050,461,0,0
757,2050,339,0,0
758,2050,1359,122,0
759,2050,483,311,0
760,2050,288,0,0
761,2050,227,0,0
762,2050,237,137,0
763,2050,459,0,0
764,2050,230,0,0
765,2050,1256,329,0
766,2050,255,304,0
767,2050,121,28,0
768,2050,210,0,0
769,2050,399,0,0
770,2050,239,119,0
771,2050,271,56,0
772,2050,257,0,0
773,2050,122,35,0
774,2050,277,605,0
775,2050,244,130,0
776,2050,178,0,2690
777,2050,358,54,52
778,2050,613,282,0
779,2050,234,88,0
780,2050,404,137,0
781,2050,186,0,0
782,2050,431,15,0
783,2050,564,104,0
784,2050,170,0,0
785,2050,196,123,0
786,2050,1100,0,0
787,2050,398,0,0
788,2050,602,201,0
789,2050,494,25,0
790,2050,745,20,0
791,2050,533,0,0
792,2050,848,0,0
793,2050,64,9,0
794,2050,450,0,0
795,2050,289,47,0
796,2050,530,215,0
797,2050,427,0,0
798,2050,187,0,0
799,2050,373,45,0
800,2050,201,35,365
801,2050,599,0,0
802,2050,893,0,0
803,2050,204,75,0
804,2050,641,50,30
805,2050,403,0,0
806,2050,314,8,0
807,2050,1134,68,0
808,2050,1083,37,0
809,2050,596,12,0
810,2050,372,0,0
811,2050,219,29,0
812,2050,954,8,0
813,2050,80,0,0
814,2050,868,1,0
815,2050,405,25,0
816,2050,305,127,0
817,2050,1416,137,0
818,2050,770,301,0
819,2050,152,320,0
820,2050,476,0,0
821,2050,588,38,0
822,2050,509,122,0
823,2050,322,597,0
824,2050,345,0,0
825,2050,496,0,0
826,2050,185,7,0
827,2050,151,679,0
828,2050,1054,133,0
829,2050,1487,27,0
830,2050,286,132,0
831,2050,1035,30,0
832,2050,275,0,0
833,2050,334,0,0
834,2050,1036,189,0
835,2050,1070,347,0
836,2050,256,9,0
837,2050,1181,0,0
838,2050,1375,0,0
839,2050,236,11,98
840,2050,194,22,0
841,2050,249,39,0
842,2050,571,72,0
843,2050,59,363,0
844,2050,270,208,0
845,2050,426,0,0
846,2050,598,0,0
847,2050,88,476,0
848,2050,153,0,0
849,2050,408,0,0
850,2050,227,0,0
851,2050,154,339,0
852,2050,1168,0,0
853,2050,937,0,0
854,2050,1130,0,0
855,2050,1284,0,0
856,2050,2188,33,0
857,2050,1915,424,0
858,2050,330,0,0
859,2050,90,135,0
860,2050,597,107,0
861,2050,163,5,0
862,2050,943,370,0
863,2050,2736,48,0
864,2050,399,187,0
865,2050,1370,0,0
866,2050,432,0,0
867,2050,398,355,0
868,2050,182,191,0
869,2050,333,56,0
870,2050,349,8,0
871,2050,476,16,0
872,2050,649,131,0
873,2050,322,22,0
874,2050,489,182,0
875,2050,147,20,0
876,2050,422,48,0
877,2050,198,0,0
878,2050,482,120,0
879,2050,287,100,0
880,2050,129,4,0
881,2050,324,0,0
882,2050,362,53,0
883,2050,194,0,0
884,2050,264,0,0
885,2050,1697,334,0
886,2050,1179,306,0
887,2050,271,74,0
888,2050,148,315,0
889,2050,268,0,0
890,2050,454,13,0
891,2050,1316,0,0
892,2050,0,124,0
893,2050,650,0,0
894,2050,287,0,0
895,2050,578,377,0
896,2050,212,307,0
897,2050,563,213,0
898,2050,538,62,0
899,2050,119,289,0
900,2050,913,0,0
901,2050,303,0,0
902,2050,254,12,0
903,2050,652,68,0
904,2050,308,54,0
905,2050,358,96,0
906,2050,209,251,0
907,2050,325,376,0
908,2050,566,0,0
909,2050,2143,0,0
910,2050,282,113,0
911,2050,852,0,0
912,2050,431,103,0
913,2050,699,0,0
914,2050,678,0,0
915,2050,822,0,0
916,2050,222,27,0
917,2050,608,0,0
918,2050,2790,0,0
919,2050,360,0,0
920,2050,1529,1186,0
921,2050,386,0,0
922,2050,716,346,0
923,2050,2097,59,0
924,2050,585,0,0
925,2050,1545,52,0
926,2050,570,357,0
927,2050,1020,93,0
928,2050,199,76,0
929,2050,3972,0,0
930,2050,62,510,0
931,2050,402,0,0
932,2050,190,480,0
933,2050,561,6,0
934,2050,1237,0,0
935,2050,992,0,0
936,2050,3780,716,0
937,2050,291,122,0
938,2050,624,582,0
939,2050,188,0,0
940,2050,465,0,0
941,2050,7067,0,0
942,2050,665,0,0
943,2050,683,10,0
944,2050,819,0,0
945,2050,1406,0,0
946,2050,908,396,0
947,2050,1015,1,0
948,2050,774,240,0
949,2050,393,0,0
950,2050,813,58,0
951,2050,261,649,0
952,2050,238,27,0
953,2050,754,66,0
954,2050,656,0,0
955,2050,85,360,0
956,2050,1264,407,0
957,2050,355,518,0
958,2050,272,33,0
959,2050,1647,0,0
960,2050,620,150,0
961,2050,93,40,0
962,2050,465,0,0
963,2050,653,0,0
964,2050,312,19,0
965,2050,378,0,11
966,2050,176,0,0
967,2050,583,49,20
968,2050,79,14,0
969,2050,384,58,0
970,2050,236,21,0
971,2050,668,0,0
972,2050,279,48,0
973,2050,417,592,0
974,2050,214,6,0
975,2050,370,12,0
976,2050,211,158,0
977,2050,148,0,0
978,2050,173,73,0
979,2050,362,58,0
980,2050,299,321,0
981,2050,198,12,0
982,2050,458,0,0
983,2050,603,168,0
984,2050,540,111,0
985,2050,368,0,0
986,2050,0,798,0
987,2050,422,42,0
988,2050,422,11,0
989,2050,678,52,0
990,2050,79,12,0
991,2050,139,30,0
992,2050,574,128,0
993,2050,301,42,0
994,2050,222,148,0
995,2050,0,131,0
996,2050,449,7,0
997,2050,13,705,0
998,2050,33,393,0
999,2050,67,266,0
1000,2050,247,0,0
1001,2050,335,278,0
1002,2050,440,149,0
1003,2050,208,46,0
1004,2050,23,241,0
1005,2050,0,1,0
1006,2050,873,0,0
1007,2050,391,146,0
1008,2050,773,0,0
1009,2050,0,1,0
1010,2050,574,0,0
1011,2050,255,110,0
1012,2050,168,60,0
1013,2050,678,0,0
1014,2050,554,73,0
1015,2050,19,164,0
1016,2050,106,129,0
1017,2050,112,156,0
1018,2050,397,36,0
1019,2050,876,77,0
1020,2050,1097,93,0
1021,2050,539,0,0
1022,2050,366,14,0
1023,2050,540,270,6048
1024,2050,523,7,0
1025,2050,10,0,0
1026,2050,404,297,0
1027,2050,151,124,0
1028,2050,131,220,0
1029,2050,129,22,0
1030,2050,178,162,0
1031,2050,330,202,0
1032,2050,342,0,0
1033,2050,382,0,0
1034,2050,254,6,0
1035,2050,625,0,187
1036,2050,256,202,0
1037,2050,235,166,0
1038,2050,56,374,0
1039,2050,667,607,0
1040,2050,0,552,0
1041,2050,617,0,0
1042,2050,345,67,0
1043,2050,105,492,0
1044,2050,882,286,0
1045,2050,337,371,0
1046,2050,88,532,0
1047,2050,1476,311,0
1048,2050,135,0,0
1049,2050,333,247,0
1050,2050,84,358,0
1051,2050,304,0,0
1052,2050,264,215,0
1053,2050,419,81,0
1054,2050,830,64,0
1055,2050,413,0,0
1056,2050,650,191,0
1057,2050,677,165,0
1058,2050,240,20,0
1059,2050,180,43,0
1060,2050,287,21,0
1061,2050,308,66,0
1062,2050,609,71,545
1063,2050,433,40,0
1064,2050,221,4,0
1065,2050,163,10,0
1066,2050,1147,0,0
1067,2050,164,242,74
1068,2050,595,0,0
1069,2050,166,414,0
1070,2050,129,441,0
1071,2050,367,81,0
1072,2050,72,470,0
1073,2050,674,17,0
1074,2050,524,0,0
1075,2050,780,0,0
1076,2050,707,134,0
1077,2050,693,10,0
1078,2050,756,23,0
1079,2050,689,0,0
1080,2050,209,53,0
1081,2050,51,33,517
1082,2050,287,12,0
1083,2050,445,61,0
1084,2050,180,37,0
1085,2050,257,67,0
1086,2050,188,170,0
1087,2050,599,88,0
1088,2050,536,0,49
1089,2050,94,42,0
1090,2050,546,836,0
1091,2050,810,0,0
1092,2050,521,212,0
1093,2050,734,17,0
1094,2050,521,87,0
1095,2050,149,12,0
1096,2050,699,52,0
1097,2050,695,630,0
1098,2050,239,0,0
1099,2050,1032,0,0
1100,2050,589,44,0
1101,2050,389,74,0
1102,2050,268,1,0
1103,2050,305,77,0
1104,2050,270,0,0
1105,2050,106,0,0
1106,2050,404,30,0
1107,2050,328,0,0
1108,2050,326,33,0
1109,2050,467,0,0
1110,2050,861,0,0
1111,2050,1429,22,0
1112,2050,227,27,0
1113,2050,333,23,0
1114,2050,331,12,0
1115,2050,127,414,0
1116,2050,515,199,0
1117,2050,397,60,0
1118,2050,767,52,0
1119,2050,337,0,0
1120,2050,191,36,0
1121,2050,193,18,2400
1122,2050,392,0,0
1123,2050,180,17,440
1124,2050,532,21,0
1125,2050,333,41,11
1126,2050,295,30,0
1127,2050,321,15,0
1128,2050,489,13,0
1129,2050,309,31,0
1130,2050,373,622,0
1131,2050,687,0,0
1132,2050,310,407,0
1133,2050,866,164,0
1134,2050,1265,1063,0
1135,2050,343,22,0
1136,2050,592,34,23
1137,2050,0,1,0
1138,2050,284,0,0
1139,2050,385,183,0
1140,2050,1354,297,0
1141,2050,1457,0,0
1142,2050,667,0,0
1143,2050,429,127,0
1144,2050,540,105,0
1145,2050,2529,864,0
1146,2050,217,4,0
1147,2050,393,708,0
1148,2050,902,53,0
1149,2050,381,0,0
1150,2050,469,14,9
1151,2050,235,150,0
1152,2050,384,83,0
1153,2050,522,14,0
1154,2050,557,35,0
1155,2050,368,0,0
1156,2050,190,0,0
1157,2050,1572,95,0
1158,2050,423,0,0
1159,2050,420,314,0
1160,2050,501,42,0
1161,2050,1154,0,0
1162,2050,326,328,0
1163,2050,268,40,1477
1164,2050,1242,0,0
1165,2050,104,177,0
1166,2050,542,83,0
1167,2050,287,0,0
1168,2050,367,7,0
1169,2050,698,713,0
1170,2050,350,732,0
1171,2050,619,75,0
1172,2050,313,46,0
1173,2050,557,346,0
1174,2050,174,117,0
1175,2050,172,2,28
1176,2050,653,5,0
1177,2050,424,168,0
1178,2050,78,5,0
1179,2050,149,37,13
1180,2050,294,28,0
1181,2050,335,35,0
1182,2050,237,132,0
1183,2050,637,0,0
1184,2050,519,164,0
1185,2050,413,0,0
1186,2050,1257,37,0
1187,2050,190,185,0
1188,2050,297,165,0
1189,2050,512,452,0
1190,2050,268,202,0
1191,2050,139,139,0
1192,2050,362,0,0
1193,2050,380,67,0
1194,2050,188,155,0
1195,2050,461,203,0
1196,2050,631,83,0
1197,2050,495,0,0
1198,2050,67,75,0
1199,2050,442,106,0
1200,2050,93,132,0
1201,2050,257,36,0
1202,2050,99,13,0
1203,2050,711,0,0
1204,2050,382,0,0
1205,2050,210,50,0
1206,2050,409,8,1
1207,2050,1108,0,0
1208,2050,716,138,0
1209,2050,238,333,0
1210,2050,202,430,0
1211,2050,355,15,0
1212,2050,224,26,0
1213,2050,0,497,0
1214,2050,360,0,0
1215,2050,193,58,0
1216,2050,347,0,0
1217,2050,577,0,0
1218,2050,549,22,0
1219,2050,506,0,0
1220,2050,142,0,0
1221,2050,368,22,0
1222,2050,903,0,0
1223,2050,814,0,0
1224,2050,449,16,0
1225,2050,245,44,0
1226,2050,561,58,0
1227,2050,271,16,0
1228,2050,282,11,0
1229,2050,116,0,0
1230,2050,243,266,0
1231,2050,315,0,0
1232,2050,160,234,0
1233,2050,256,0,0
1234,2050,408,397,0
1235,2050,277,504,0
1236,2050,191,99,0
1237,2050,438,0,0
1238,2050,494,40,0
1239,2050,1017,0,0
1240,2050,205,112,0
1241,2050,925,265,0
1242,2050,87,564,0
1243,2050,112,703,0
1244,2050,802,0,0
1245,2050,0,300,0
1246,2050,979,0,0
1247,2050,700,0,0
1248,2050,1169,409,0
1249,2050,1066,114,0
1250,2050,867,0,0
1251,2050,391,0,0
1252,2050,892,0,0
1253,2050,389,71,0
1254,2050,530,0,0
1255,2050,294,419,0
1256,2050,367,708,0
1257,2050,284,77,0
1258,2050,1265,0,0
1259,2050,84,152,0
1260,2050,310,17,0
1261,2050,276,243,0
1262,2050,932,7,0
1263,2050,473,65,0
1264,2050,332,0,0
1265,2050,336,162,0
1266,2050,512,0,0
1267,2050,3011,943,0
1268,2050,979,0,0
1269,2050,1281,29,0
1270,2050,1301,93,0
1271,2050,1389,0,0
1272,2050,1070,157,0
1273,2050,1806,0,0
1274,2050,1369,0,0
1275,2050,1197,0,0
1276,2050,1243,21,0
1277,2050,933,118,1
1278,2050,246,104,0
1279,2050,387,634,0
1280,2050,67,70,0
1281,2050,809,985,0
1282,2050,586,0,0
1283,2050,134,24,0
1284,2050,938,526,0
1285,2050,352,0,0
1286,2050,109,608,0
1287,2050,688,0,0
1288,2050,443,55,0
1289,2050,601,0,0
1290,2050,632,0,0
1291,2050,1912,0,0
1292,2050,272,25,0
1293,2050,214,56,0
1294,2050,234,0,0
1295,2050,1552,0,0
1296,2050,572,81,0
1297,2050,638,0,0
1298,2050,489,30,0
1299,2050,326,24,0
1300,2050,137,4,0
1301,2050,40,45,0
1302,2050,339,158,0
1303,2050,184,244,0
1304,2050,177,211,0
1305,2050,173,0,0
1306,2050,362,10,0
1307,2050,412,39,0
1308,2050,531,0,0
1309,2050,372,0,0
1310,2050,627,0,0
1311,2050,438,0,0
1312,2050,419,0,65
1313,2050,353,37,0
1314,2050,321,11,0
1315,2050,283,0,0
1316,2050,829,31,0
1317,2050,138,0,0
1318,2050,222,17,0
1319,2050,981,0,0
1320,2050,211,226,0
1321,2050,249,547,0
1322,2050,564,0,0
1323,2050,66,140,0
1324,2050,466,13,0
1325,2050,517,0,0
1326,2050,181,6,0
1327,2050,164,0,0
1328,2050,147,21,0
1329,2050,648,516,0
1330,2050,827,259,0
1331,2050,853,240,22
1332,2050,747,0,0
1333,2050,1355,162,0
1334,2050,239,0,0
1335,2050,255,95,0
1336,2050,374,74,0
1337,2050,217,122,0
1338,2050,575,0,0
1339,2050,596,101,0
1340,2050,1221,21,0
1341,2050,825,0,0
1342,2050,1294,415,0
1343,2050,1181,0,0
1344,2050,241,0,0
1345,2050,139,54,0
1346,2050,602,0,0
1347,2050,473,282,0
1348,2050,983,693,0
1349,2050,376,40,0
1350,2050,1573,117,0
1351,2050,1421,0,0
1352,2050,572,0,0
1353,2050,1670,31,0
1354,2050,3048,0,0
1355,2050,1376,0,0
1356,2050,795,480,0
1357,2050,306,1080,0
1358,2050,541,0,0
1359,2050,880,77,0
1360,2050,502,474,0
1361,2050,1558,272,0
1362,2050,944,0,0
1363,2050,2918,219,0
1364,2050,751,122,0
1365,2050,2259,0,0
1366,2050,617,59,0
1367,2050,1195,0,0
1368,2050,1477,0,0
1369,2050,934,0,0
1370,2050,1398,68,0
1371,2050,1212,314,0
1372,2050,755,0,0
1373,2050,877,0,0
1374,2050,324,503,0
1375,2050,1044,0,0
1376,2050,1960,177,0
1377,2050,4,165,0
1378,2050,320,0,0
1379,2050,1647,0,0
1380,2050,1214,0,0
1381,2050,754,240,0
1382,2050,2232,117,0
1383,2050,1479,47,0
1384,2050,751,0,0
1385,2050,1444,117,0
1386,2050,571,354,0
1387,2050,638,1079,0
1388,2050,237,0,0
1389,2050,156,22,0
1390,2050,1305,155,0
1391,2050,285,0,0
1392,2050,709,13,0
1393,2050,804,335,0
1394,2050,853,0,0
1395,2050,724,677,0
1396,2050,513,0,0
1397,2050,478,0,0
1398,2050,373,91,0
1399,2050,73,17,0
1400,2050,454,346,0
1401,2050,310,8,0
1402,2050,315,54,0
1403,2050,116,95,0
1404,2050,226,11,0
1405,2050,589,41,0
1406,2050,930,363,0
1407,2050,314,0,60
1408,2050,268,0,0
1409,2050,448,72,0
1410,2050,73,362,0
1411,2050,378,94,0
1412,2050,183,0,82
1413,2050,44,237,0
1414,2050,0,135,0
1415,2050,75,342,0
1416,2050,372,247,0
1417,2050,261,16,0
1418,2050,1034,0,0
1419,2050,475,101,0
1420,2050,323,130,0
1421,2050,270,222,0
1422,2050,534,0,0
1423,2050,633,15,0
1424,2050,159,121,0
1425,2050,86,527,1499
1426,2050,94,266,0
1427,2050,199,603,0
1428,2050,347,452,0
1429,2050,871,148,0
1430,2050,179,234,0
1431,2050,740,247,0
1432,2050,75,352,0
1433,2050,451,0,0
1434,2050,287,0,0
1435,2050,1508,0,0
1436,2050,491,22,0
1437,2050,33,165,0
1438,2050,309,0,0
1439,2050,484,0,0
1440,2050,317,0,12
1441,2050,146,70,0
1442,2050,331,0,0
1443,2050,358,105,0
1444,2050,371,88,0
1445,2050,335,95,0
1446,2050,150,384,0
1447,2050,425,471,0
1448,2050,91,535,0
1449,2050,96,241,0
1450,2050,156,24,0
1451,2050,260,249,0
1452,2050,845,0,0
1453,2050,119,27,0
1454,2050,439,559,0
1455,2050,69,365,0
1456,2050,150,395,0
1457,2050,577,198,0
1458,2050,212,0,0
1459,2050,197,253,0
1460,2050,7,320,0
1461,2050,163,1009,0
1462,2050,152,226,0
1463,2050,506,269,0
1464,2050,8,168,0
1465,2050,165,39,0
1466,2050,555,331,0
1467,2050,61,118,0
1468,2050,444,7,0
1469,2050,339,119,0
1470,2050,655,0,0
1471,2050,1303,84,0
1472,2050,517,90,0
1473,2050,182,0,0
1474,2050,383,1216,0
1475,2050,785,0,0
1476,2050,647,82,0
1477,2050,98,20,0
1478,2050,134,52,0
1479,2050,99,122,0
1480,2050,508,299,0
1481,2050,134,40,0
1482,2050,238,35,0
1483,2050,1201,22,0
1484,2050,1143,348,0
1485,2050,1018,0,0
1486,2050,141,220,0
1487,2050,86,52,0
1488,2050,141,244,0
1489,2050,9,646,0
1490,2050,74,550,602
1491,2050,439,0,0
1492,2050,314,335,0
1493,2050,59,320,0
1494,2050,364,83,0
1495,2050,459,129,0
1496,2050,176,400,0
1497,2050,398,29,27
1498,2050,233,0,0
1499,2050,221,3,0
1500,2050,251,219,120
1501,2050,426,60,0
1502,2050,267,44,0
1503,2050,293,252,10
1504,2050,177,21,0
1505,2050,264,0,0
1506,2050,348,0,55
1507,2050,1032,0,0
1508,2050,33,0,0
1509,2050,276,281,0
1510,2050,462,0,0
1511,2050,335,9,0
1512,2050,329,82,0
1513,2050,250,4,0
1514,2050,139,133,0
1515,2050,400,164,0
1516,2050,601,38,0
1517,2050,897,0,0
1518,2050,286,0,0
1519,2050,319,19,0
1520,2050,435,0,0
1521,2050,311,105,0
1522,2050,639,36,0
1523,2050,364,0,7
1524,2050,341,0,0
1525,2050,906,0,0
1526,2050,298,647,0
1527,2050,232,96,0
1528,2050,413,29,0
1529,2050,157,44,0
1530,2050,238,94,0
1531,2050,357,89,0
1532,2050,255,0,0
1533,2050,67,46,0
1534,2050,68,71,0
1535,2050,166,175,0
1536,2050,220,98,0
1537,2050,254,281,0
1538,2050,173,0,0
1539,2050,235,37,0
1540,2050,2027,78,0
1541,2050,343,301,0
1542,2050,337,71,0
1543,2050,448,27,0
1544,2050,764,1096,0
1545,2050,271,41,0
1546,2050,1157,0,0
1547,2050,224,558,0
1548,2050,217,401,0
1549,2050,25,1027,0
1550,2050,0,1216,0
1551,2050,629,127,0
1552,2050,1120,16,0
1553,2050,207,23,0
1554,2050,290,0,0
1555,2050,107,0,0
1556,2050,312,21,0
1557,2050,450,0,32
1558,2050,195,0,0
1559,2050,197,0,0
1560,2050,86,248,0
1561,2050,335,21,0
1562,2050,180,147,0
1563,2050,75,659,0
1564,2050,323,0,0
1565,2050,553,250,0
1566,2050,169,279,0
1567,2050,748,3,0
1568,2050,1264,0,0
1569,2050,83,5,0
1570,2050,244,3,0
1571,2050,257,15,0
1572,2050,194,11,0
1573,2050,146,9,0
1574,2050,248,0,0
1575,2050,121,18,0
1576,2050,198,0,0
1577,2050,278,15,0
1578,2050,68,275,0
1579,2050,370,141,0
1580,2050,1027,319,0
1581,2050,581,261,0
1582,2050,1411,150,0
1583,2050,765,23,56
1584,2050,672,163,0
1585,2050,326,115,0
1586,2050,73,190,0
1587,2050,261,68,0
1588,2050,421,0,0
1589,2050,133,0,0
1590,2050,317,0,0
1591,2050,143,15,0
1592,2050,246,4,0
1593,2050,122,261,0
1594,2050,965,0,0
1595,2050,738,0,0
1596,2050,392,331,0
1597,2050,225,0,0
1598,2050,1594,19,0
1599,2050,2189,339,0
1600,2050,386,0,0
1601,2050,309,177,10
1602,2050,896,410,0
1603,2050,476,0,159
1604,2050,489,0,0
1605,2050,831,8,0
1606,2050,492,0,0
1607,2050,559,294,0
1608,2050,288,41,0
1609,2050,757,41,0
1610,2050,314,56,0
1611,2050,1355,135,0
1612,2050,812,53,0
1613,2050,768,0,0
1614,2050,634,88,0
1615,2050,197,108,0
1616,2050,346,0,543
1617,2050,280,69,0
1618,2050,514,50,1375
1619,2050,657,9,10
1620,2050,179,412,0
1621,2050,371,18,0
1622,2050,319,11,0
1623,2050,460,0,0
1624,2050,357,0,0
1625,2050,118,306,0
1626,2050,2114,0,0
1627,2050,185,90,0
1628,2050,351,0,0
1629,2050,337,118,0
1630,2050,821,208,0
1631,2050,1463,642,0
1632,2050,113,0,0
1633,2050,1496,182,0
1634,2050,286,0,0
1635,2050,768,0,0
1636,2050,271,434,0
1637,2050,519,78,0
1638,2050,232,21,0
1639,2050,163,239,0
1640,2050,477,30,0
1641,2050,851,170,0
1642,2050,624,45,0
1643,2050,2088,204,0
1644,2050,321,141,0
1645,2050,774,156,0
1646,2050,826,23,0
1647,2050,459,0,0
1648,2050,262,0,0
1649,2050,962,97,0
1650,2050,114,0,0
1651,2050,138,57,0
1652,2050,966,32,0
1653,2050,497,0,0
1654,2050,1252,0,0
1655,2050,189,0,0
1656,2050,608,751,0
1657,2050,1577,200,0
1658,2050,1112,315,0
1659,2050,1617,0,0
1660,2050,528,75,0
1661,2050,681,571,0
1662,2050,1667,68,0
1663,2050,424,0,0
1664,2050,2508,0,0
1665,2050,1248,0,0
1666,2050,1089,64,0
1667,2050,1164,102,0
1668,2050,227,0,0
1669,2050,94,32,0
1670,2050,353,103,0
1671,2050,746,129,0
1672,2050,1343,120,0
1673,2050,1174,58,0
1674,2050,461,0,0
1675,2050,253,106,0
1676,2050,1334,0,0
1677,2050,811,288,0
1678,2050,586,0,0
1679,2050,552,0,0
1680,2050,750,121,0
1681,2050,1557,0,0
1682,2050,647,57,0
1683,2050,1144,0,0
1684,2050,417,0,0
1685,2050,656,72,0
1686,2050,423,541,0
1687,2050,439,0,0
1688,2050,765,0,0
1689,2050,33,91,0
1690,2050,773,0,0
1691,2050,432,0,0
1692,2050,774,0,0
1693,2050,1265,0,0
1694,2050,492,0,0
1695,2050,518,0,0
1696,2050,947,0,0
1697,2050,832,607,0
1698,2050,632,0,0
1699,2050,1105,0,0
1700,2050,1327,0,0
1701,2050,390,0,0
1702,2050,472,155,0
1703,2050,336,0,0
1704,2050,1089,67,0
1705,2050,1125,249,0
1706,2050,1189,280,0
1707,2050,353,0,0
1708,2050,523,158,0
1709,2050,884,139,0
1710,2050,814,87,0
1711,2050,348,19,0
1712,2050,1237,0,0
1713,2050,358,18,0
1714,2050,37,659,0
1715,2050,171,190,0
1716,2050,503,0,0
1717,2050,346,23,0
1718,2050,880,383,0
1719,2050,426,0,0
